           1
   0.0000000000000000        0.0000000000000000        0.0000000000000000
   0.0000000000000000        0.0000000000000000        0.0000000000000000
  -0.0000000000000000        0.0000000000000000        0.0000000000000000
   1.0000000000000000        0.0000000000000000        0.0000000000000000
  -0.0000000000000000        6.1232339957367660E-017   1.0000000000000000
  -0.0000000000000000       -1.0000000000000000        1.2246467991473532E-016
  -0.0000000000000000        1.0000000000000000        0.0000000000000000
  -0.0000000000000000        6.1232339957367660E-017   1.0000000000000000
           2
  -0.0000000000000000        0.0000000000000000        0.0000000000000000     
  -0.0000000000000000        0.0000000000000000        0.0000000000000000     
  -0.0000000000000000        0.0000000000000000        0.0000000000000000     
   6.1232339957367660E-017   6.1232339957367660E-017   1.0000000000000000     
  -3.4899496702501018E-002  0.99939082701909576        2.1369778464285740E-018
 -0.99939082701909576       -3.4899496702500955E-002   6.1195038870308086E-017
  -6.9756473744125400E-002  0.99756405025982420        4.2713521145274778E-018
 -0.99756405025982420       -6.9756473744125344E-002   6.1083181054758151E-017
